dtmf_697 = 59;
dtmf_770 = 66;
dtmf_852 = 73;
dtmf_941 = 80;

dtmf_1209 = 103;
dtmf_1336 = 114;
dtmf_1477 = 126;
dtmf_1633 = 139;

a(1) = cos((pi/2048)*dtmf_697) * 2^15;
b(1) = sin((pi/2048)*dtmf_697) * 2^15;

a(2) = cos((pi/2048)*dtmf_770) * 2^15;
b(2) = sin((pi/2048)*dtmf_770) * 2^15;

a(3) = cos((pi/2048)*dtmf_852) * 2^15;
b(3) = sin((pi/2048)*dtmf_852) * 2^15;

a(4) = cos((pi/2048)*dtmf_941) * 2^15;
b(4) = sin((pi/2048)*dtmf_941) * 2^15;

a(5) = cos((pi/2048)*dtmf_1209) * 2^15;
b(5) = sin((pi/2048)*dtmf_1209) * 2^15;

a(6) = cos((pi/2048)*dtmf_1336) * 2^15;
b(6) = sin((pi/2048)*dtmf_1336) * 2^15;

a(7) = cos((pi/2048)*dtmf_1477) * 2^15;
b(7) = sin((pi/2048)*dtmf_1477) * 2^15;

a(8) = cos((pi/2048)*dtmf_1633) * 2^15; 
b(8) = sin((pi/2048)*dtmf_1633) * 2^15;


