dtmf_697 = 59;
dtmf_770 = 66;
dtmf_852 = 73;
dtmf_941 = 80;

dtmf_1209 = 103;
dtmf_1336 = 114;
dtmf_1477 = 126;
dtmf_1633 = 139;

a(1) = cos((pi/2048)*dtmf_697 - 1);
b(1) = sin((pi/2048)*dtmf_697 - 1);
a(2) = cos((pi/2048)*dtmf_697);
b(2) = sin((pi/2048)*dtmf_697);
a(3) = cos((pi/2048)*dtmf_697 + 1);
b(3) = sin((pi/2048)*dtmf_697 + 1);

a(4) = cos((pi/2048)*dtmf_770 - 1);
b(4) = sin((pi/2048)*dtmf_770 - 1);
a(5) = cos((pi/2048)*dtmf_770);
b(5) = sin((pi/2048)*dtmf_770);
a(6) = cos((pi/2048)*dtmf_770 + 1);
b(6) = sin((pi/2048)*dtmf_770 + 1);

a(7) = cos((pi/2048)*dtmf_852 - 1);
b(7) = sin((pi/2048)*dtmf_852 - 1);
a(8) = cos((pi/2048)*dtmf_852);
b(8) = sin((pi/2048)*dtmf_852);
a(9) = cos((pi/2048)*dtmf_852 + 1);
b(9) = sin((pi/2048)*dtmf_852 + 1);

a(10) = cos((pi/2048)*dtmf_941 - 1);
b(10) = sin((pi/2048)*dtmf_941 - 1);
a(11) = cos((pi/2048)*dtmf_941);
b(11) = sin((pi/2048)*dtmf_941);
a(12) = cos((pi/2048)*dtmf_941 + 1);
b(12) = sin((pi/2048)*dtmf_941 + 1);

a(13) = cos((pi/2048)*dtmf_1209 - 1);
b(13) = sin((pi/2048)*dtmf_1209 - 1);
a(14) = cos((pi/2048)*dtmf_1209);
b(14) = sin((pi/2048)*dtmf_1209);
a(15) = cos((pi/2048)*dtmf_1209 + 1);
b(15) = sin((pi/2048)*dtmf_1209 + 1);

a(16) = cos((pi/2048)*dtmf_1336 - 1);
b(16) = sin((pi/2048)*dtmf_1336 - 1);
a(17) = cos((pi/2048)*dtmf_1336);
b(17) = sin((pi/2048)*dtmf_1336);
a(18) = cos((pi/2048)*dtmf_1336 + 1);
b(18) = sin((pi/2048)*dtmf_1336 + 1);

a(19) = cos((pi/2048)*dtmf_1477 - 1);
b(19) = sin((pi/2048)*dtmf_1477 - 1);
a(20) = cos((pi/2048)*dtmf_1477);
b(20) = sin((pi/2048)*dtmf_1477);
a(21) = cos((pi/2048)*dtmf_1477 + 1);
b(21) = sin((pi/2048)*dtmf_1477 + 1);

a(22) = cos((pi/2048)*dtmf_1633 - 1); 
b(22) = sin((pi/2048)*dtmf_1633 - 1);
a(23) = cos((pi/2048)*dtmf_1633); 
b(23) = sin((pi/2048)*dtmf_1633);
a(24) = cos((pi/2048)*dtmf_1633 + 1); 
b(24) = sin((pi/2048)*dtmf_1633 + 1);

